0 0 0
0 0.05 124.5
0 0.1 122.8
0 0.15 131.4
0 0.2 138.6
0 0.25 138.8
0 0.3 132.2
0 0.35 143.9
0 0.4 115.9
0 0.45 140.8
0 0.5 100.5
0.05 0 0
0.05 0.05 1146.2
0.05 0.1 966.9
0.05 0.15 1309.2
0.05 0.2 1749.5
0.05 0.25 1110.4
0.05 0.3 952.1
0.05 0.35 1183.2
0.05 0.4 854.6
0.05 0.45 303.7
0.05 0.5 484
0.1 0 0
0.1 0.05 478.9
0.1 0.1 345.7
0.1 0.15 326.4
0.1 0.2 610.8
0.1 0.25 430.4
0.1 0.3 387.8
0.1 0.35 482.7
0.1 0.4 247.6
0.1 0.45 350.7
0.1 0.5 191.9
0.15 0 0
0.15 0.05 249.5
0.15 0.1 203.1
0.15 0.15 306.3
0.15 0.2 301.8
0.15 0.25 387.2
0.15 0.3 241.2
0.15 0.35 292.4
0.15 0.4 357
0.15 0.45 246.8
0.15 0.5 148.2
0.2 0 0
0.2 0.05 204.9
0.2 0.1 224.5
0.2 0.15 200.4
0.2 0.2 229.2
0.2 0.25 202.2
0.2 0.3 268.9
0.2 0.35 364.3
0.2 0.4 367
0.2 0.45 265.2
0.2 0.5 105.8
0.25 0 0
0.25 0.05 287.8
0.25 0.1 201.7
0.25 0.15 200.4
0.25 0.2 278.9
0.25 0.25 289.6
0.25 0.3 293.4
0.25 0.35 326.6
0.25 0.4 286.4
0.25 0.45 316
0.25 0.5 290.2
0.3 0 0
0.3 0.05 285.1
0.3 0.1 173.8
0.3 0.15 222.3
0.3 0.2 209.9
0.3 0.25 226.6
0.3 0.3 206.5
0.3 0.35 232.8
0.3 0.4 285.5
0.3 0.45 234.9
0.3 0.5 144.1
0.35 0 0
0.35 0.05 157.8
0.35 0.1 188.5
0.35 0.15 136.4
0.35 0.2 201.4
0.35 0.25 380.7
0.35 0.3 332.7
0.35 0.35 220.8
0.35 0.4 212.9
0.35 0.45 266.2
0.35 0.5 140.2
0.4 0 0
0.4 0.05 156.4
0.4 0.1 165.4
0.4 0.15 185.8
0.4 0.2 233.2
0.4 0.25 210.5
0.4 0.3 276.9
0.4 0.35 227.6
0.4 0.4 243.3
0.4 0.45 155.7
0.4 0.5 127.4
0.45 0 0
0.45 0.05 161
0.45 0.1 208.7
0.45 0.15 220.9
0.45 0.2 216
0.45 0.25 249.9
0.45 0.3 259.9
0.45 0.35 293.8
0.45 0.4 300
0.45 0.45 219
0.45 0.5 147.1
0.5 0 0
0.5 0.05 179.4
0.5 0.1 163.3
0.5 0.15 156.7
0.5 0.2 237.8
0.5 0.25 166
0.5 0.3 320.2
0.5 0.35 251.6
0.5 0.4 178.7
0.5 0.45 154
0.5 0.5 150.6
