0 0 0
0 0.05 196.3
0 0.1 238.7
0 0.15 209.3
0 0.2 250.9
0 0.25 245.1
0 0.3 318.4
0 0.35 301.5
0 0.4 320.3
0 0.45 270.9
0 0.5 279.3
0.03 0 0
0.03 0.05 4574.7
0.03 0.1 4288.8
0.03 0.15 2838.5
0.03 0.2 3670.6
0.03 0.25 4518.7
0.03 0.3 4592.2
0.03 0.35 3671.9
0.03 0.4 4414.4
0.03 0.45 4610
0.03 0.5 4884.1
0.06 0 0
0.06 0.05 2439.1
0.06 0.1 2631.5
0.06 0.15 3453.8
0.06 0.2 3184.8
0.06 0.25 2564.4
0.06 0.3 2797
0.06 0.35 3530.8
0.06 0.4 3076.6
0.06 0.45 3446.2
0.06 0.5 3319.5
0.09 0 0
0.09 0.05 1829.8
0.09 0.1 1982.5
0.09 0.15 749.7
0.09 0.2 1440.9
0.09 0.25 1752.4
0.09 0.3 1513.9
0.09 0.35 1743.9
0.09 0.4 2076.8
0.09 0.45 2096.7
0.09 0.5 1762.4
0.12 0 0
0.12 0.05 998.3
0.12 0.1 1289.3
0.12 0.15 920.7
0.12 0.2 1581.3
0.12 0.25 686.8
0.12 0.3 1785.6
0.12 0.35 1235.6
0.12 0.4 1007
0.12 0.45 1378.2
0.12 0.5 1041.3
0.15 0 0
0.15 0.05 432.8
0.15 0.1 575.7
0.15 0.15 981.2
0.15 0.2 836.7
0.15 0.25 425.1
0.15 0.3 1144.6
0.15 0.35 1334.1
0.15 0.4 1060
0.15 0.45 1270.2
0.15 0.5 1252.1
0.18 0 0
0.18 0.05 580.6
0.18 0.1 177.8
0.18 0.15 538.1
0.18 0.2 444.6
0.18 0.25 729.2
0.18 0.3 871.1
0.18 0.35 890.4
0.18 0.4 835.3
0.18 0.45 1117.9
0.18 0.5 844.8
0.21 0 0
0.21 0.05 488.1
0.21 0.1 343.8
0.21 0.15 261.5
0.21 0.2 802.7
0.21 0.25 812.2
0.21 0.3 854.6
0.21 0.35 920.7
0.21 0.4 982.9
0.21 0.45 966.1
0.21 0.5 1461.2
0.24 0 0
0.24 0.05 423.6
0.24 0.1 457.3
0.24 0.15 535
0.24 0.2 397.6
0.24 0.25 759.2
0.24 0.3 949
0.24 0.35 700.7
0.24 0.4 887.3
0.24 0.45 785.7
0.24 0.5 1174.7
0.27 0 0
0.27 0.05 255.2
0.27 0.1 585.2
0.27 0.15 538.8
0.27 0.2 392.5
0.27 0.25 365.9
0.27 0.3 975.2
0.27 0.35 718.8
0.27 0.4 887.5
0.27 0.45 661.2
0.27 0.5 1229.1
0.3 0 0
0.3 0.05 265
0.3 0.1 369.9
0.3 0.15 248.3
0.3 0.2 448.7
0.3 0.25 409.9
0.3 0.3 555.4
0.3 0.35 1023.2
0.3 0.4 1323.3
0.3 0.45 929.3
0.3 0.5 662.1