0 0 0
0 0.05 118.6
0 0.1 141.3
0 0.15 132.3
0 0.2 267.2
0 0.25 200.1
0 0.3 218.9
0 0.35 282.4
0 0.4 380.7
0 0.45 368
0 0.5 399.3
0.1 0 0
0.1 0.05 125.7
0.1 0.1 112.5
0.1 0.15 299.5
0.1 0.2 916.9
0.1 0.25 1868.6
0.1 0.3 2485.4
0.1 0.35 2088.8
0.1 0.4 3423.3
0.1 0.45 3553.1
0.1 0.5 2311.9
0.2 0 0
0.2 0.05 119.7
0.2 0.1 112.8
0.2 0.15 123.1
0.2 0.2 1104.1
0.2 0.25 2570.2
0.2 0.3 1797.9
0.2 0.35 2579.4
0.2 0.4 3400.3
0.2 0.45 3047.9
0.2 0.5 4402.5
0.3 0 0
0.3 0.05 119.6
0.3 0.1 1093.9
0.3 0.15 122.6
0.3 0.2 710.3
0.3 0.25 1989.7
0.3 0.3 1670.9
0.3 0.35 4096.9
0.3 0.4 4311.5
0.3 0.45 3628
0.3 0.5 4153.1
0.4 0 0
0.4 0.05 116.2
0.4 0.1 602.7
0.4 0.15 1829.7
0.4 0.2 507
0.4 0.25 993.7
0.4 0.3 988.1
0.4 0.35 2499
0.4 0.4 3193.2
0.4 0.45 4436
0.4 0.5 3583.3
0.5 0 0
0.5 0.05 121.9
0.5 0.1 110.8
0.5 0.15 867.6
0.5 0.2 323.8
0.5 0.25 3552.6
0.5 0.3 1861.8
0.5 0.35 3712
0.5 0.4 3095.7
0.5 0.45 4432
0.5 0.5 3289.2
0.6 0 0
0.6 0.05 604.6
0.6 0.1 228.6
0.6 0.15 729.7
0.6 0.2 267.4
0.6 0.25 143.8
0.6 0.3 2989.2
0.6 0.35 3643
0.6 0.4 4431.5
0.6 0.45 3344.8
0.6 0.5 3812.4
0.7 0 0
0.7 0.05 118.5
0.7 0.1 118.4
0.7 0.15 118.4
0.7 0.2 119.4
0.7 0.25 2621.4
0.7 0.3 3515.8
0.7 0.35 3532.8
0.7 0.4 3229.1
0.7 0.45 4671.1
0.7 0.5 3851.3
0.8 0 0
0.8 0.05 117.4
0.8 0.1 131.3
0.8 0.15 130.7
0.8 0.2 1097.4
0.8 0.25 2162.7
0.8 0.3 909.4
0.8 0.35 2390.4
0.8 0.4 4137.4
0.8 0.45 3385.8
0.8 0.5 3739.4
0.9 0 0
0.9 0.05 117.9
0.9 0.1 116.1
0.9 0.15 124.9
0.9 0.2 606.9
0.9 0.25 1659.2
0.9 0.3 2569.2
0.9 0.35 2618.5
0.9 0.4 3497.4
0.9 0.45 2922.9
0.9 0.5 3235.1
1 0 0
1 0.05 116.1
1 0.1 123.7
1 0.15 606.5
1 0.2 1109.6
1 0.25 2100.9
1 0.3 1807.1
1 0.35 2973.7
1 0.4 2499.6
1 0.45 3462.3
1 0.5 3549.9