0 0 0
0 0.05 256
0 0.1 280.36
0 0.15 224.84
0 0.2 237.24
0 0.25 230.28
0 0.3 233.2
0 0.35 259.84
0 0.4 257.28
0 0.45 236.52
0 0.5 249
0.1 0 0
0.1 0.05 608.4
0.1 0.1 538.24
0.1 0.15 574.6
0.1 0.2 565.52
0.1 0.25 606.52
0.1 0.3 626.64
0.1 0.35 650.68
0.1 0.4 794.72
0.1 0.45 669.4
0.1 0.5 841.48
0.2 0 0
0.2 0.05 1203.28
0.2 0.1 1407.8
0.2 0.15 1072.4
0.2 0.2 1535.48
0.2 0.25 1325.08
0.2 0.3 1468.64
0.2 0.35 1178.24
0.2 0.4 1459.88
0.2 0.45 1393.28
0.2 0.5 1529.2
0.3 0 0
0.3 0.05 1325.8
0.3 0.1 1789.84
0.3 0.15 2052.6
0.3 0.2 2617.72
0.3 0.25 1475.4
0.3 0.3 2211.76
0.3 0.35 2031.28
0.3 0.4 2154.88
0.3 0.45 2162.88
0.3 0.5 1387.92
0.4 0 0
0.4 0.05 1763.08
0.4 0.1 2294.32
0.4 0.15 2451.76
0.4 0.2 2354.16
0.4 0.25 2597.48
0.4 0.3 2228.16
0.4 0.35 2292.4
0.4 0.4 2172.44
0.4 0.45 2261.68
0.4 0.5 1880.04
0.5 0 0
0.5 0.05 2052
0.5 0.1 2632.56
0.5 0.15 3001.12
0.5 0.2 2204.12
0.5 0.25 3030.92
0.5 0.3 2326.88
0.5 0.35 2325.32
0.5 0.4 1991.48
0.5 0.45 1855.8
0.5 0.5 1814.48
0.6 0 0
0.6 0.05 2668.48
0.6 0.1 1988.96
0.6 0.15 3176.76
0.6 0.2 2493.16
0.6 0.25 2407
0.6 0.3 2397.52
0.6 0.35 2600.16
0.6 0.4 1561.12
0.6 0.45 2897.44
0.6 0.5 2211.72
0.7 0 0
0.7 0.05 2162.24
0.7 0.1 2243.92
0.7 0.15 2917.24
0.7 0.2 2872.08
0.7 0.25 2831.24
0.7 0.3 3143.16
0.7 0.35 2472.84
0.7 0.4 2228.2
0.7 0.45 3015.28
0.7 0.5 2982.64
0.8 0 0
0.8 0.05 2694.16
0.8 0.1 2876.84
0.8 0.15 2840.76
0.8 0.2 3123.2
0.8 0.25 3134.68
0.8 0.3 2472.4
0.8 0.35 2491.2
0.8 0.4 2824.36
0.8 0.45 3195.84
0.8 0.5 3268.6
0.9 0 0
0.9 0.05 2872.8
0.9 0.1 2760.4
0.9 0.15 3178.76
0.9 0.2 2805.4
0.9 0.25 2469.92
0.9 0.3 2786.48
0.9 0.35 3080.88
0.9 0.4 2693.92
0.9 0.45 3112.12
0.9 0.5 2568.88
1 0 0
1 0.05 2980.72
1 0.1 2844.8
1 0.15 2680.72
1 0.2 2618.84
1 0.25 3261.68
1 0.3 2698.52
1 0.35 2975.96
1 0.4 3344.84
1 0.45 2573.76
1 0.5 2627.08
